H60
H60-D03720254.pb.txt 954.94068841888 955.6017475815531 947.0915259555885 532.3066224916225
H60-D07270600.pb.txt 2630.9660723668617 2629.0666830566693 1500.487482156489 910.5921614758444
H60-D06240372.pb.txt 949.8696126303942 949.8817746215548 939.8378748576989 553.2538030874282
H60-D04512634.pb.txt 949.8696126303942 949.8817746215548 939.8378748576989 553.2538030874282
H60-D05123523.pb.txt 949.8696126303942 949.8817746215548 939.8378748576989 553.2538030874282
H60-D0342104.pb.txt 954.94068841888 955.6017475815531 947.0915259555885 532.3066224916225
H60-D07270615.pb.txt 956.777164669623 957.7168436236883 933.496416126276 588.574546286401
H60-D075049129.pb.txt 949.8696126303942 949.8817746215548 939.8378748576989 553.2538030874282
H60-D030023.pb.txt 951.898967590323 952.0768171128329 936.999118297695 537.1887138812019
H60-D04912311.pb.txt 949.8696126303942 949.8817746215548 939.8378748576989 553.2538030874282

H60S
H60S-D08040536.pb.txt 1422.876578948478 1423.4993153011092 1418.0326218117686 952.4458617999047
H60S-D11230596.pb.txt 2630.9660723668617 2629.0666830566693 1500.487482156489 910.5921614758444
H60S-D11120602.pb.txt 2630.9660723668617 2629.0666830566693 1500.487482156489 910.5921614758444
H60S-E01100532.pb.txt 2649.681774 2648.176704 1407.111622 890.204434
H60S-E01250557.pb.txt 2642.8753491762654 2642.8908596507736 1436.442855771336 915.4170872223777

H60S1
H60S1-D12160020.pb.txt 2533.4492500496 2535.158003177 1390.0613162248 887.1382979676
H60S1-D12160018.pb.txt 2533.2475769288 2534.9886131673 1425.1760990676 896.0140837