H110SA
H110SA-D11300181.pb.txt 1422.876578948478 1423.4993153011092 1418.0326218117686 952.4458617999047
H110SA-D11300164.pb.txt 1422.876578948478 1423.4993153011092 1418.0326218117686 952.4458617999047
H110SA-D11300199.pb.txt 1422.876578948478 1423.4993153011092 1418.0326218117686 952.4458617999047
H110SA-D11300226.pb.txt 1422.876578948478 1423.4993153011092 1418.0326218117686 952.4458617999047
H110SA-D11300253.pb.txt 1422.876578948478 1423.4993153011092 1418.0326218117686 952.4458617999047
H110SA-D11300090.pb.txt 1438.2822883572 1439.0592379647 1451.9284009138 929.1337084704
H110SA-D11300387.pb.txt 1432.2687965312 1433.1295016082 1454.9858047148 930.2869203819
H110SA-D11300287.pb.txt 1422.876578948478 1423.4993153011092 1418.0326218117686 952.4458617999047
H110SA-D11300025.pb.txt 1392.1996098706 1393.5411935018 1453.2480203435 931.3421726146
H110SA-D11300304.pb.txt 1393.4251036338 1395.5989395557 1453.5463355872 937.3841351221
H110SA_88888888.pb.txt 1422.876578948478 1423.4993153011092 1418.0326218117686 952.4458617999047
H110SA-D11300109.pb.txt 1422.876578948478 1423.4993153011092 1418.0326218117686 952.4458617999047
H110SA-D11300173.pb.txt 1422.876578948478 1423.4993153011092 1418.0326218117686 952.4458617999047
H110SA-D11300119.pb.txt 1433.7330693138 1434.6831942632 1453.498356173 931.9163692487
H110SA-D11300330.pb.txt 1433.967204238547 1433.297559971398 1457.492229496277 926.7872826057071
H110SA-D11300299.pb.txt 1422.876578948478 1423.4993153011092 1418.0326218117686 952.4458617999047
H110SA-D11300257.pb.txt 1422.876578948478 1423.4993153011092 1418.0326218117686 952.4458617999047
H110SA-D11300256.pb.txt 1422.876578948478 1423.4993153011092 1418.0326218117686 952.4458617999047
H110SA-D11300097.pb.txt 1427.578583 1425.025584 1440.060925 907.098375
H110SA-D11300215.pb.txt 1422.876578948478 1423.4993153011092 1418.0326218117686 952.4458617999047
H110SA-D11300193.pb.txt 1422.876578948478 1423.4993153011092 1418.0326218117686 952.4458617999047
H110SA-D11300197.pb.txt 1422.876578948478 1423.4993153011092 1418.0326218117686 952.4458617999047
H110SA-D11300274.pb.txt 1394.438917705 1395.8458158199 1449.3795227553 924.5560374961
H110SA-D11300283.pb.txt 1432.2087062253 1432.758390344 1455.5232237257 929.0426528869
H110SA-D11300407.pb.txt 1422.876578948478 1423.4993153011092 1418.0326218117686 952.4458617999047
H110SA-D11300270.pb.txt 1422.876578948478 1423.4993153011098 1418.0326218117682 952.4458617999047
H110SA-D11300329.pb.txt 1433.967204238547 1433.297559971398 1457.4922294962776 926.7872826057071
H110SA-D11300342.pb.txt 1422.876578948478 1423.4993153011092 1418.0326218117686 952.4458617999047

H110S
H110S-D10290524.pb.txt 1415.5686049218 1416.218927116 1454.0765525772 931.2262888285
H110S-D10290521.pb.txt 1433.502723241 1434.0070020197 1445.7149268395 907.8377992863